100 49.47 
1 628
100 49.47 
1 628
100 49.47 
1 628
100 49.47 
1 628
100 49.47 
1 628
100 49.47 
1 628
100 49.47 
1 628
100 49.47 
1 628
100 49.47 
1 628
100 49.47 
1 628
100 49.47 
1 628
100 49.47 
1 628
100 49.47 
1 628
100 49.47 
1 628
100 49.47 
1 628
100 49.47 
1 628
100 49.47 
1 628
100 49.47 
1 628
100 49.47 
1 628
100 49.47 
1 628
100 49.47 
1 628
100 49.47 
1 628
100 49.47 
1 628
100 49.47 
1 628
100 49.47 
1 628
100 49.47 
1 628
100 49.47 
1 628
100 49.47 
1 628
100 49.47 
1 628
100 49.47 
1 628
100 49.47 
1 628
100 49.47 
1 628
100 49.47 
1 628
100 49.47 
1 628
100 49.47 
1 628
100 49.47 
1 628
100 49.47 
1 628
100 49.47 
1 628
100 49.47 
1 628
100 49.47 
1 628
100 49.47 
1 628
100 49.47 
1 628
100 49.47 
1 628
100 49.47 
1 628
100 49.47 
1 628
100 49.47 
1 628
100 49.47 
1 628
100 49.47 
1 628

