1 494.7
1 628
1 57.6
1 494.7
1 628
1 57.6
1 494.7
1 628
1 57.6
1 494.7
1 628
1 57.6
1 494.7
1 628
1 57.6
1 494.7
1 628
1 57.6
1 494.7
1 628
1 57.6
1 494.7
1 628
1 57.6
1 494.7
1 628
1 57.6
1 494.7
1 628
1 57.6
1 494.7
1 628
1 57.6
1 494.7
1 628
1 57.6
1 494.7
1 628
1 57.6
1 494.7
1 628
1 57.6
1 494.7
1 628
1 57.6
1 494.7
1 628
1 57.6
1 494.7
1 628
1 57.6
1 494.7
1 628
1 57.6
1 494.7
1 628
1 57.6
1 494.7
1 628
1 57.6
1 494.7
1 628
1 57.6
1 494.7
1 628
1 57.6
1 494.7
1 628
1 57.6
1 494.7
1 628
1 57.6